0 a 224
0 b 224
0 c 224
0 d 224
0 e 224
0 f 224
0 g 224
0 h 224
0 i 224
0 j 224
0 k 224
0 l 224
0 m 224
0 n 224
0 o 224
0 p 224
0 q 224
0 r 224
0 s 224
0 t 224
0 u 224
0 v 224
0 w 224
0 x 224
0 y 224
0 z 224
224 a 224
224 b 224
224 c 224
224 d 224
224 e 224
224 f 224
224 g 224
224 h 224
224 i 224
224 j 224
224 k 224
224 l 224
224 m 224
224 n 224
224 o 224
224 p 224
224 q 224
224 r 224
224 s 224
224 t 224
224 u 224
224 v 224
224 w 224
224 x 224
224 y 224
224 z 224
224 A 224
224 B 224
224 C 224
224 D 224
224 E 224
224 F 224
224 G 224
224 H 224
224 I 224
224 J 224
224 K 224
224 L 224
224 M 224
224 N 224
224 O 224
224 P 224
224 Q 224
224 R 224
224 S 224
224 T 224
224 U 224
224 V 224
224 W 224
224 X 224
224 Y 224
224 Z 224
224 0 224
224 1 224
224 2 224
224 3 224
224 4 224
224 5 224
224 6 224
224 7 224
224 8 224
224 9 224